MI	20022	99999999	999	1	2	9	4	5	N	Y	Y	N	50	55	60	40	45	51																																																																							
IC	20022	99999999	999	2	C	452	87522	421	6547	654	85214	84	12457	447	54571	214	54781	755105	92971745807	684077	81267992265	665180	82259218057	22710	9596012607	24468	9586599277	27097	9992145847	189974	14297998487	182816	14176872026	207968	15759988492	245909	19549968200	226296	12491719689	252182	19788109644	700	51727111	661	48971689	825	58095200	0	0	0	0	0	0	40096	8917799778	26102	5804968644	29581	6559277000	0	0	0	0	0	0	785	107810978	647	77189444	771	104209999	98096606794	18616760900	14291526757	5790	6502154054	2442492706	791	950197829	195025445	442922521007	0	14492685792	877755	75	877890	2640769	1848594	759800	482910905446	99515	25486917456	21575	8204420577	19525	7499206074	99550	91009295965	1	2	9	4	5	11	13
IC	20022	99999999	999	23	C	547	41547	214	85412	147	54125	145	12547	125	12451	321	54621	15264	4911869924	19805	6918919979	29958	8996475909	18	21547175	92	8629698	51	99465026	981	82277492	506	194192149	959	72989292	0	0	0	0	0	0	0	0	0	0	0	0	0	0	0	0	0	0	660	551197644	819	588595600	1079	1199119978	0	0	0	0	0	0	22	7601556	19	4288911	14	4298956	271209498	97718960	1197894115	2	24007519	0	15	68022559	0	19941425090	0	1099424111	6885	0	6885	14966	10056	5646	11845122099	606	264585445	160	52272778	165	14819699	59	192695949	1	2	9	4	5	11	12
ID	20022	99999999	999	4	D	245	14521	471	54874	254	5478	215	65412	321	54214	854	47145	200026	7412496	180788	6670020	676999	19972976	8191684	1711446299	7804812	1618590950	9210882	1925641222	8191146	1711409845	7804412	1618504067	9211820	1925710499	0	0	0	0	0	0	0	0	0	0	0	0	0	0	0	0	0	0	6774	906819	5690	255515	4194	197810	175498	26167480	191554	18849419	106506	15200889	175498	26167480	191554	18849419	106506	15200889	5620565	277801	5961462	9960261	4294606	Y	N	Y	Y	DEFERRED	944	26554	18227	0	0	0	1	2	9	4	5	6	7	8	7	9	0	0	0	0	0
IJ	20022	99999999	999	26	F	200026	7412496	180788	6670020	676999	19972976	8191684	1711446299	7804812	1618590950	9210882	1925641222	8191146	1711409845	7804412	1618504067	9211820	1925710499	0	0	0	0	0	0	0	0	0	0	0	0	0	0	0	0	0	0	6774	906819	5690	255515	4194	197810	175498	26167480	191554	18849419	106506	15200889	175498	26167480	191554	18849419	106506	15200889	5620565	277801	5961462	9960261	4294606	DEFERRED	944	26554	18227	0	0	0	1	2	9	4	5	6	7	8	9	10
IK	20022	99999999	999	26	P	200026	7412496	180788	6670020	676999	19972976	8191684	1711446299	7804812	1618590950	9210882	1925641222	8191146	1711409845	7804412	1618504067	9211820	1925710499	0	0	0	0	0	0	0	0	0	0	0	0	0	0	0	0	0	0	6774	906819	5690	255515	4194	197810	175498	26167480	191554	18849419	106506	15200889	175498	26167480	191554	18849419	106506	15200889	5620565	277801	5961462	9960261	4294606	DEFERRED	944	26554	18227	0	0	0	1	2	9	4	5	6	7	8	8	17										
IP	20022	99999999	999	10	N	1	2	9	4	5	6	7	8	9																																																																													
CT	20022	99999999	999	23	C	1 	10	2	2000	1000	1000	100	200	20000
IS	20022	88888888	999	1	2000	2	9000	10	20	90	20	4000																																																																															
MA	20022	99999999	999	1	2	9	4	5	6	7	8	9	10	11	12	19	14	15	16	17	18																																																																						
AV	20022	99999999	999	541	5421	871	2145	321	36521	457	32145	145	4122	142	54211	1029	412529177	774	501640794	722	664499885	5957	488049089	5591	448562194	5909	596154469	2590	676269410	2448	611904899	9052	879481940	0	0	0	0	0	0	7295	1252455414	6921	1042909829	6889	1209799825	49516	4204221747	45629	9790966605	48958	4190024054	961	75719000	499	90515000	451	92896089	69147	8249270000	52257	6178490000	61697	7224920000	0	0	0	0	0	0	2992	409454928	2400	919902861	2991	989991199	0	0	0	0	0	0	18299	4102760000	15949	9459470000	18020	4140890000																
EV	20022	99999999	999	214	52141	32	5412	21	2142	54	2145	41	1214	25	2145	0	0	0	0	0	0	2909	192670942	2549	164784112	2696	154216125	0	0	0	0	0	0	0	0	0	0	0	0	0	0	0	0	0	0	14997	880198157	12994	726460095	19952	799967721	0	0	1	200000	0	0	61562	7457890000	45298	5428280000	59402	6965850000	0	0	0	0	0	0	41	4980878	95	4882982	21	4702509	0	0	0	0	0	0	2660	557610000	2162	441200000	2528	540920000																
AS	20022	88888888	999	1	2	9	4000																																																																																				
IL	20071	99999999	999	26	B	245	42142	543	54874	548	65421	254	5514	665	1224	547	65474	200026	7412496	180788	6670020	676999	19972976	8191684	1711446299	7804812	1618590950	9210882	1925641222	8191146	1711409845	7804412	1618504067	9211820	1925710499	0	0	0	0	0	0	0	0	0	0	0	0	0	0	0	0	0	0	6774	906819	5690	255515	4194	197810	175498	26167480	191554	18849419	106506	15200889	175498	26167480	191554	18849419	106506	15200889	5620565	277801	5961462	9960261	4294606	DEFERRED	944	26554	18227	0	0	0	1	2	9	4	5	6	7	8	8	17	1	2	3	4	5	6
CH	20071	99999999	999	26	B	200026	7412496	180788	6670020	676999	19972976	8191684	1711446299	7804812	1618590950	9210882	1925641222	8191146	1711409845	7804412	1618504067	9211820	1925710499	1
AF	20192	99999999	999	2	C	100	2000	100	2000	100	2000	100	2000	100	2000	100	2000	100	2000	100	2000	100	2000
CF	20192	99999999	999	100	2000	100	2000	100	2000	100	2000	100	2000	100	2000	100	2000	100	2000	100	2000		
EF	20192	99999999	999	100	2000	100	2000	100	2000	100	2000	100	2000	100	2000	100	2000	100	2000	100	2000		
OC	20192	99999999	999	2	C	100	2000	100	2000	100	2000	100	2000	100	2000	100	2000	100	2000	100	2000	100	2000
CC	20192	99999999	999	100	2000	100	2000	100	2000	100	2000	100	2000	100	2000	100	2000	100	2000	100	2000		
CD	20192	99999999	999	100	2000	100	2000	100	2000	100	2000	100	2000	100	2000	100	2000	100	2000	100	2000