MI	20204	10021210	604						N	N	N	N	0	0	0	0	0	0																																																																																							
IC	20204	10021210	604	2	C	0	0	0	0	0	0	9120	32075773	8871	29633383	8680	30112409	9539	5508566	9601	5332471	9739	5595112	0	0	0	0	0	0	0	0	0	0	0	0	508403	78415825	572432	85621260	836921	122219463	0	0	0	0	0	0	2218	270861	2145	288743	2192	359772	73102	7723051	82370	9055860	113240	12358789	0	0	0	0	0	0	94	67450	90	29443	218	61508	44699606	11711673	0	0	0	0	0	0	0	0	1768467	2326543	244015	0	257157	244015	0	144841	413362232	3385	644984	75	5353	0	0	5	370	108205	104974	0	452088549	0	0	0
IC	20204	10021210	604	3	C	0	0	0	0	0	0	763	2137473	757	1994542	618	1673059	904	619721	836	556065	832	564880	0	0	0	0	0	0	0	0	0	0	0	0	44659	6857935	47089	7137703	60938	9169388	0	0	0	0	0	0	202	26945	195	27500	199	34078	11996	1194509	12788	1209398	15810	1773785	0	0	0	0	0	0	14	11003	18	14856	34	19421	5491975	1650725	0	0	0	0	0	0	0	0	191294	115459	14868	0	18185	14868	0	12503	38669538	331	73135	7	117	0	0	2	60	8168	13653	0	124570880	0	0	0
IC	20204	10021210	604	9	C	0	0	0	0	0	0	3296	98418760	3574	107942802	3623	98548019	1873	3166303	1995	3279822	2178	3744365	0	0	0	0	0	0	0	0	0	0	0	0	16429	5862237	19289	6658101	20527	43063602	0	0	0	0	0	0	23	9477	57	21268	48	23886	7064	4252018	7986	4499859	8458	4756942	0	0	0	0	0	0	40	54522	34	43512	31	33556	28664477	2124120	0	0	0	0	0	0	0	0	300069	59934	21858	0	24287	21858	0	13332	535383602	899	7975507	157	1144521	234	1664504	456	3151683	3021	7256	0	325664752	0	0	0
IC	20204	10021210	604	23	C	0	0	0	0	0	0	26	144720	43	151296	63	142811969	46	27050	75	30490	55	38450	0	0	0	0	0	0	0	0	0	0	0	0	2866	704563	3438	929557	3215	352825414	0	0	0	0	0	0	3	700	4	950	1	20	1348	933252	1483	1019579	1681	1128698	0	0	0	0	0	0	0	0	0	0	0	0	6105956	99601	0	0	0	0	0	0	0	0	61712	10191	400	0	4539	400	0	280	481464501	19	198273	0	0	0	0	0	0	278	434	0	556235115	0	0	0
IC	20204	10021210	604	32	C	0	0	0	0	0	0	1751	8009049	1732	8140629	1593	7368755	1499	1234506	1506	1227404	1482	1177086	0	0	0	0	0	0	0	0	0	0	0	0	129647	22183849	149482	24896245	220756	35816628	0	0	0	0	0	0	362	97128	375	56839	447	229615	28387	3148133	32265	4030418	43792	5657862	0	0	0	0	0	0	31	18037	42	33328	75	36655	13790577	3451947	0	0	0	0	0	0	0	0	601991	678408	38593	0	45017	38593	0	28491	125360033	595	181816	22	1887	0	0	0	0	22589	29159	0	428466053	0	0	0
IC	20204	10021210	604	34	C	0	0	0	0	0	0	3961	46742224	3609	44048690	3527	43164983	1733	1473185	1849	1612433	1755	1554518	0	0	0	0	0	0	0	0	0	0	0	0	643690	135315726	701907	143490701	984630	199161152	0	0	0	0	0	0	1326	367720	1185	247881	1270	588630	143065	27238895	161337	33452169	217896	46603080	0	0	0	0	0	0	232	327943	309	339118	509	336615	49194930	8549446	0	0	0	0	0	0	0	0	5338748	2721843	93979	0	122870	93979	0	67774	628793291	951	506504	47	18456	0	0	0	0	64218	82977	0	940472025	0	0	0
IC	20204	10021210	604	1005	C	0	0	0	0	0	0	0	0	0	0	0	0	0	0	0	0	0	0	0	0	0	0	0	0	0	0	0	0	0	0	39	44908	97	77474	76	71726	0	0	0	0	0	0	0	0	0	0	0	0	7	11122	8	4886	5	5563	0	0	0	0	0	0	0	0	0	0	0	0	0	1580	0	0	0	0	0	0	0	0	27467	0	29	0	40	29	0	6	15262	3	8063	0	0	0	0	0	0	6	4	0	4864922	0	0	0
IC	20204	10021210	604	35	C	0	0	0	0	0	0	516	12112194	507	12661140	655	16111996	146	140742	186	158788	197	180914	0	0	0	0	0	0	0	0	0	0	0	0	101081	28565246	131970	35170199	203046	53685235	0	0	0	0	0	0	243	53418	212	56723	225	220097	18404	6104441	26151	9063551	41994	14911893	0	0	0	0	0	0	11	16742	26	23070	65	56457	6524274	427490	0	0	0	0	0	0	0	0	1319366	461027	10898	0	16340	10898	0	8924	155558709	30	36639	0	0	0	0	0	0	8121	7578	0	646619715	0	0	0
ID	20204	10021210	604	9	D	0	0	0	0	0	0	0	0	0	0	0	0	210262	259987802	205297	251489659	223974	283310600	0	0	0	0	0	0	0	0	0	0	0	0	146482	45566687	162574	47330033	181179	54896851	0	0	0	0	0	0	2168	831192	2292	856004	2798	1110266	16567	4212914	17194	4499069	18098	4944476	0	0	0	0	0	0	163	261756	185	257690	213	282214	152471	0	152520	29934	0	N	N	N	N	DEFERRED	0	0	0	0	0	0	29934	44587	53728	903	41657	5457	5278	18327	0	0	0	0	0	0	0			
ID	20204	10021210	604	1000	D	0	0	0	0	0	0	0	0	0	0	0	0	5482255	1370839589	5277260	1235522901	6469162	963592392	0	0	0	0	0	0	0	0	0	0	0	0	5599556	614299875	6237580	658926816	7739133	890445704	0	0	0	0	0	0	191860	38549059	212842	41734775	257377	54849189	752030	39608714	838299	46048380	912085	50900874	0	0	0	0	0	0	6050	7578068	6320	7703349	7403	9028916	5876463	0	5884261	1268467	0	N	N	N	N	DEFERRED	0	0	0	0	0	0	1268467	1552695	4238528	56644	1803465	178993	25190	220657	0	0	0	0	0	0	0			
IL	20204	10021210	604	102	B	0	0	0	0	0	0	0	0	0	0	0	0	0	0	0	0	0	0	0	0	0	0	0	0	0	0	0	0	0	0	28545	1982163	53746	4292899	33534	2526806	0	0	0	0	0	0	0	0	0	0	0	0	5833	229237	5637	261856	6096	244059	0	0	0	0	0	0	0	0	0	0	0	0	101414	0	111447	12133	0	DEFERRED	0	0	0	0	0	0	616	0	20	616	76653	0	1901	34	0	0	0	0	12133	12133	0	0						
AV	20204	10021210	604	0	0	0	0	0	0	0	0	0	0	0	0	19433	199640193	19093	204572482	18759	339791190	15740	12170073	16048	12197473	16238	12855325	0	0	0	0	0	0	0	0	0	0	0	0	0	0	0	0	0	0	0	0	0	0	0	0	0	0	0	0	0	0	376	80860.258208	421	89218.783528	331	75233.013912	0	0	0	0	0	0	0	0	0	0	0	0	0	0	0	0	0	0	28533	5767999.465168	24468	5235296.4782992	30812	7069934.937608																		
EV	20204	10021210	604	0	0	0	0	0	0	0	0	0	0	0	0	0	0	0	0	0	0	5692517	1630827391	5482557	1487012560	6693136	1246902992	0	0	0	0	0	0	0	0	0	0	0	0	0	0	0	0	0	0	0	0	0	0	0	0	0	0	0	0	0	0	98813	18491886.612124	92941	17045505.497488	114375	23148374.45742	0	0	0	0	0	0	0	0	0	0	0	0	0	0	0	0	0	0	8192	6930825.3810898	8490	7120347.2255232	10753	8684781.7441884																		
CH	20204	10021210	604	2	C	0	0	0	0	0	0	0	0	0	0	0	0	0	0	0	0	0	0	254321																																																																																	
CH	20204	10021210	604	3	C	0	0	0	0	0	0	0	0	0	0	0	0	0	0	0	0	0	0	15877																																																																																	
CH	20204	10021210	604	9	C	0	0	0	0	0	0	0	0	0	0	0	0	0	0	0	0	0	0	23770																																																																																	
CH	20204	10021210	604	23	C	0	0	0	0	0	0	0	0	0	0	0	0	0	0	0	0	0	0	2957																																																																																	
CH	20204	10021210	604	32	C	0	0	0	0	0	0	0	0	0	0	0	0	0	0	0	0	0	0	43164																																																																																	
CH	20204	10021210	604	34	C	0	0	0	0	0	0	0	0	0	0	0	0	0	0	0	0	0	0	117171																																																																																	
CH	20204	10021210	604	1005	C	0	0	0	0	0	0	0	0	0	0	0	0	0	0	0	0	0	0	34																																																																																	
CH	20204	10021210	604	35	C	0	0	0	0	0	0	0	0	0	0	0	0	0	0	0	0	0	0	16265																																																																																	
CH	20204	10021210	604	9	D	0	0	0	0	0	0	0	0	0	0	0	0	0	0	0	0	0	0	152519																																																																																	
CH	20204	10021210	604	1000	D	0	0	0	0	0	0	0	0	0	0	0	0	0	0	0	0	0	0	5876773																																																																																	
CH	20204	10021210	604	102	B	0	0	0	0	0	0	0	0	0	0	0	0	0	0	0	0	0	0	26240																																																																																	
